 0.00000000e+00  1.98626939e-07
 1.00000000e-03  3.77817435e-07
 2.00000000e-03  3.31789108e-07
 3.00000000e-03  1.63161380e-07
 4.00000000e-03  8.33345354e-08
 5.00000000e-03  8.10921632e-08
 6.00000000e-03  7.12285148e-08
 7.00000000e-03  5.42955793e-08
 8.00000000e-03  4.34096978e-08
 9.00000000e-03  3.42758345e-08
 1.00000000e-02  4.62686159e-08
 1.10000000e-02  3.94135962e-08
 1.20000000e-02  3.72117457e-08
 1.30000000e-02  3.60433152e-08
 1.40000000e-02  3.22474694e-08
 1.50000000e-02  2.24694336e-08
 1.60000000e-02  2.50872823e-08
 1.70000000e-02  2.33454191e-08
 1.80000000e-02  2.22613687e-08
 1.90000000e-02  2.47635963e-08
 2.00000000e-02  2.06576872e-08
 2.10000000e-02  1.93846387e-08
 2.20000000e-02  1.43851535e-08
 2.30000000e-02  1.92810976e-08
 2.40000000e-02  1.93345080e-08
 2.50000000e-02  1.79699517e-08
 2.60000000e-02  1.49313823e-08
 2.70000000e-02  1.39260569e-08
 2.80000000e-02  1.32676684e-08
 2.90000000e-02  8.85257856e-09
 3.00000000e-02  9.21777718e-09
 3.10000000e-02  1.15716768e-08
 3.20000000e-02  9.70918358e-09
 3.30000000e-02  1.02265315e-08
 3.40000000e-02  1.23368241e-08
 3.50000000e-02  9.61416629e-09
 3.60000000e-02  9.67273291e-09
 3.70000000e-02  1.00595868e-08
 3.80000000e-02  9.70779939e-09
 3.90000000e-02  8.63912653e-09
 4.00000000e-02  9.44905969e-09
 4.10000000e-02  8.36490747e-09
 4.20000000e-02  9.18106384e-09
 4.30000000e-02  8.73742612e-09
 4.40000000e-02  9.42520167e-09
 4.50000000e-02  7.79199392e-09
 4.60000000e-02  1.16460252e-08
 4.70000000e-02  1.55511657e-08
 4.80000000e-02  1.13851619e-08
 4.90000000e-02  8.74868229e-09
 5.00000000e-02  1.00825494e-08
 5.10000000e-02  8.35002851e-09
 5.20000000e-02  8.64247668e-09
 5.30000000e-02  8.58286696e-09
 5.40000000e-02  6.80917354e-09
 5.50000000e-02  6.77053825e-09
 5.60000000e-02  7.51096668e-09
 5.70000000e-02  6.25340967e-09
 5.80000000e-02  5.54625921e-09
 5.90000000e-02  6.35549039e-09
 6.00000000e-02  7.41960707e-09
 6.10000000e-02  7.10167556e-09
 6.20000000e-02  5.88474044e-09
 6.30000000e-02  6.50944915e-09
 6.40000000e-02  4.97517474e-09
 6.50000000e-02  5.73964999e-09
 6.60000000e-02  7.24482412e-09
 6.70000000e-02  5.82114321e-09
 6.80000000e-02  6.43157524e-09
 6.90000000e-02  6.04210703e-09
 7.00000000e-02  4.97753008e-09
 7.10000000e-02  6.85675781e-09
 7.20000000e-02  6.90131755e-09
 7.30000000e-02  6.51357017e-09
 7.40000000e-02  6.37487778e-09
 7.50000000e-02  5.80968618e-09
 7.60000000e-02  5.90206406e-09
 7.70000000e-02  5.83893330e-09
 7.80000000e-02  5.24814473e-09
 7.90000000e-02  6.06554453e-09
 8.00000000e-02  4.45829567e-09
 8.10000000e-02  5.92557916e-09
 8.20000000e-02  6.17884762e-09
 8.30000000e-02  6.43308061e-09
 8.40000000e-02  5.43148625e-09
 8.50000000e-02  6.01098117e-09
 8.60000000e-02  5.96049023e-09
 8.70000000e-02  4.37152483e-09
 8.80000000e-02  3.95937634e-09
 8.90000000e-02  5.41113481e-09
 9.00000000e-02  6.37687228e-09
 9.10000000e-02  5.00057004e-09
 9.20000000e-02  4.62632173e-09
 9.30000000e-02  4.75019165e-09
 9.40000000e-02  5.12127542e-09
 9.50000000e-02  5.28090881e-09
 9.60000000e-02  4.88840177e-09
 9.70000000e-02  5.35237546e-09
 9.80000000e-02  4.73235463e-09
 9.90000000e-02  6.10642712e-09
 1.00000000e-01  7.08439164e-09
 1.01000000e-01  6.56286495e-09
 1.02000000e-01  4.81235012e-09
 1.03000000e-01  5.27758504e-09
 1.04000000e-01  4.59279120e-09
 1.05000000e-01  5.00822599e-09
 1.06000000e-01  5.37962104e-09
 1.07000000e-01  5.59822980e-09
 1.08000000e-01  6.33521225e-09
 1.09000000e-01  5.35101154e-09
 1.10000000e-01  5.69851750e-09
 1.11000000e-01  5.03831787e-09
 1.12000000e-01  5.08871344e-09
 1.13000000e-01  6.36867038e-09
 1.14000000e-01  5.48298597e-09
 1.15000000e-01  4.82029004e-09
 1.16000000e-01  6.29358996e-09
 1.17000000e-01  5.93986088e-09
 1.18000000e-01  6.51418187e-09
 1.19000000e-01  5.21422450e-09
 1.20000000e-01  4.78170570e-09
 1.21000000e-01  4.64726997e-09
 1.22000000e-01  4.56647811e-09
 1.23000000e-01  4.76061256e-09
 1.24000000e-01  4.80024522e-09
 1.25000000e-01  4.68454014e-09
 1.26000000e-01  4.16299091e-09
 1.27000000e-01  3.82383222e-09
 1.28000000e-01  4.80633068e-09
 1.29000000e-01  6.72817708e-09
 1.30000000e-01  6.13242350e-09
 1.31000000e-01  5.11235837e-09
 1.32000000e-01  5.05207333e-09
 1.33000000e-01  4.82367377e-09
 1.34000000e-01  5.09745212e-09
 1.35000000e-01  4.43069523e-09
 1.36000000e-01  4.62050018e-09
 1.37000000e-01  5.48756835e-09
 1.38000000e-01  5.22390790e-09
 1.39000000e-01  4.94161095e-09
 1.40000000e-01  4.92483357e-09
 1.41000000e-01  5.44656544e-09
 1.42000000e-01  5.27609284e-09
 1.43000000e-01  3.71320013e-09
 1.44000000e-01  4.39482273e-09
 1.45000000e-01  5.70821690e-09
 1.46000000e-01  5.96487104e-09
 1.47000000e-01  5.00713661e-09
 1.48000000e-01  5.30625748e-09
 1.49000000e-01  4.28526477e-09
 1.50000000e-01  5.05588681e-09
 1.51000000e-01  5.58124445e-09
 1.52000000e-01  4.10559770e-09
 1.53000000e-01  5.00687198e-09
 1.54000000e-01  5.64569817e-09
 1.55000000e-01  4.63558361e-09
 1.56000000e-01  5.73600253e-09
 1.57000000e-01  5.35007740e-09
 1.58000000e-01  4.34903874e-09
 1.59000000e-01  4.56354648e-09
 1.60000000e-01  5.55571663e-09
 1.61000000e-01  5.12674402e-09
 1.62000000e-01  5.82049100e-09
 1.63000000e-01  4.85368585e-09
 1.64000000e-01  4.23097460e-09
 1.65000000e-01  3.98790580e-09
 1.66000000e-01  4.63898179e-09
 1.67000000e-01  5.18717837e-09
 1.68000000e-01  4.62979747e-09
 1.69000000e-01  5.17149750e-09
 1.70000000e-01  4.84282769e-09
 1.71000000e-01  4.51674793e-09
 1.72000000e-01  4.72355940e-09
 1.73000000e-01  5.29973579e-09
 1.74000000e-01  5.52492662e-09
 1.75000000e-01  5.17067932e-09
 1.76000000e-01  4.41222419e-09
 1.77000000e-01  4.29697079e-09
 1.78000000e-01  5.18382789e-09
 1.79000000e-01  4.98347915e-09
 1.80000000e-01  4.86903909e-09
 1.81000000e-01  5.20239657e-09
 1.82000000e-01  4.98312431e-09
 1.83000000e-01  5.56078961e-09
 1.84000000e-01  3.90943013e-09
 1.85000000e-01  4.84063729e-09
 1.86000000e-01  5.16740719e-09
 1.87000000e-01  5.01556288e-09
 1.88000000e-01  4.87755801e-09
 1.89000000e-01  4.14617700e-09
 1.90000000e-01  4.07775678e-09
 1.91000000e-01  4.68315429e-09
 1.92000000e-01  4.56825315e-09
 1.93000000e-01  4.99529926e-09
 1.94000000e-01  5.03228210e-09
 1.95000000e-01  4.05549122e-09
 1.96000000e-01  4.66206646e-09
 1.97000000e-01  3.99064994e-09
 1.98000000e-01  3.95245846e-09
 1.99000000e-01  4.85187516e-09
 2.00000000e-01  4.42997119e-09
 2.01000000e-01  3.87734000e-09
 2.02000000e-01  4.27818843e-09
 2.03000000e-01  4.26245678e-09
 2.04000000e-01  4.03967176e-09
 2.05000000e-01  3.65863220e-09
 2.06000000e-01  4.15142051e-09
 2.07000000e-01  4.03678084e-09
 2.08000000e-01  4.54339153e-09
 2.09000000e-01  4.31102537e-09
 2.10000000e-01  5.13667586e-09
 2.11000000e-01  5.16883302e-09
 2.12000000e-01  4.17293080e-09
 2.13000000e-01  4.90842748e-09
 2.14000000e-01  5.25031732e-09
 2.15000000e-01  3.83854441e-09
 2.16000000e-01  4.31045069e-09
 2.17000000e-01  5.42514924e-09
 2.18000000e-01  5.62234597e-09
 2.19000000e-01  5.23440955e-09
 2.20000000e-01  5.16576839e-09
 2.21000000e-01  4.17173053e-09
 2.22000000e-01  4.46584336e-09
 2.23000000e-01  4.41384720e-09
 2.24000000e-01  4.19398290e-09
 2.25000000e-01  3.82204139e-09
 2.26000000e-01  3.47146851e-09
 2.27000000e-01  4.31992138e-09
 2.28000000e-01  3.73771072e-09
 2.29000000e-01  5.10483404e-09
 2.30000000e-01  6.09853479e-09
 2.31000000e-01  4.79076496e-09
 2.32000000e-01  3.95872816e-09
 2.33000000e-01  5.03979752e-09
 2.34000000e-01  4.98776936e-09
 2.35000000e-01  4.29670654e-09
 2.36000000e-01  4.75116459e-09
 2.37000000e-01  4.91745380e-09
 2.38000000e-01  4.25093873e-09
 2.39000000e-01  4.55748845e-09
 2.40000000e-01  4.52198182e-09
 2.41000000e-01  3.80523079e-09
 2.42000000e-01  4.65150596e-09
 2.43000000e-01  5.38799733e-09
 2.44000000e-01  4.55643965e-09
 2.45000000e-01  4.71626983e-09
 2.46000000e-01  4.13328729e-09
 2.47000000e-01  3.47409771e-09
 2.48000000e-01  3.40226416e-09
 2.49000000e-01  3.87561842e-09
 2.50000000e-01  3.77559191e-09
 2.51000000e-01  4.49887172e-09
 2.52000000e-01  3.90356052e-09
 2.53000000e-01  3.89145704e-09
 2.54000000e-01  4.49046241e-09
 2.55000000e-01  4.09654062e-09
 2.56000000e-01  4.24552129e-09
 2.57000000e-01  3.87644689e-09
 2.58000000e-01  4.00266909e-09
 2.59000000e-01  4.51324297e-09
 2.60000000e-01  3.44319595e-09
 2.61000000e-01  4.05318023e-09
 2.62000000e-01  4.22883444e-09
 2.63000000e-01  3.48006225e-09
 2.64000000e-01  4.78702792e-09
 2.65000000e-01  3.66657534e-09
 2.66000000e-01  3.79137175e-09
 2.67000000e-01  3.81407494e-09
 2.68000000e-01  3.53868999e-09
 2.69000000e-01  3.71052464e-09
 2.70000000e-01  3.32410809e-09
 2.71000000e-01  3.98493363e-09
 2.72000000e-01  4.59324554e-09
 2.73000000e-01  3.56076623e-09
 2.74000000e-01  3.90248677e-09
 2.75000000e-01  5.15891117e-09
 2.76000000e-01  4.70596760e-09
 2.77000000e-01  3.59867624e-09
 2.78000000e-01  3.46786765e-09
 2.79000000e-01  3.86032089e-09
 2.80000000e-01  4.70746278e-09
 2.81000000e-01  4.41603233e-09
 2.82000000e-01  3.79358978e-09
 2.83000000e-01  3.80768509e-09
 2.84000000e-01  5.06705928e-09
 2.85000000e-01  4.52798186e-09
 2.86000000e-01  3.82040647e-09
 2.87000000e-01  4.38657895e-09
 2.88000000e-01  4.23745852e-09
 2.89000000e-01  4.34264640e-09
 2.90000000e-01  3.99339446e-09
 2.91000000e-01  3.23576980e-09
 2.92000000e-01  3.45799796e-09
 2.93000000e-01  4.78706661e-09
 2.94000000e-01  3.97702635e-09
 2.95000000e-01  4.18763036e-09
 2.96000000e-01  4.69409802e-09
 2.97000000e-01  4.67724517e-09
 2.98000000e-01  4.59156596e-09
 2.99000000e-01  4.46744381e-09
 3.00000000e-01  5.07853058e-09
 3.01000000e-01  3.76379928e-09
 3.02000000e-01  3.83563324e-09
 3.03000000e-01  3.61553713e-09
 3.04000000e-01  3.63446722e-09
 3.05000000e-01  4.20918100e-09
 3.06000000e-01  4.31396232e-09
 3.07000000e-01  4.38456037e-09
 3.08000000e-01  4.37143233e-09
 3.09000000e-01  4.22967281e-09
 3.10000000e-01  4.04919599e-09
 3.11000000e-01  4.30275898e-09
 3.12000000e-01  4.00329816e-09
 3.13000000e-01  3.69931041e-09
 3.14000000e-01  4.20115490e-09
 3.15000000e-01  4.13484978e-09
 3.16000000e-01  3.73895108e-09
 3.17000000e-01  3.66195887e-09
 3.18000000e-01  3.98267083e-09
 3.19000000e-01  3.62416991e-09
 3.20000000e-01  3.90263313e-09
 3.21000000e-01  3.48381144e-09
 3.22000000e-01  3.68316667e-09
 3.23000000e-01  3.99662415e-09
 3.24000000e-01  4.25056470e-09
 3.25000000e-01  3.69683028e-09
 3.26000000e-01  3.78195150e-09
 3.27000000e-01  3.51602577e-09
 3.28000000e-01  3.30746613e-09
 3.29000000e-01  3.11835606e-09
 3.30000000e-01  2.87271532e-09
 3.31000000e-01  3.83510645e-09
 3.32000000e-01  4.53055261e-09
 3.33000000e-01  3.72407970e-09
 3.34000000e-01  4.28920590e-09
 3.35000000e-01  4.08316348e-09
 3.36000000e-01  4.44515605e-09
 3.37000000e-01  4.13430334e-09
 3.38000000e-01  3.60509994e-09
 3.39000000e-01  4.05180766e-09
 3.40000000e-01  4.56083147e-09
 3.41000000e-01  3.83478882e-09
 3.42000000e-01  3.82263296e-09
 3.43000000e-01  4.71510336e-09
 3.44000000e-01  3.22748982e-09
 3.45000000e-01  3.88969028e-09
 3.46000000e-01  4.29936267e-09
 3.47000000e-01  3.70757980e-09
 3.48000000e-01  3.74472081e-09
 3.49000000e-01  3.85624241e-09
 3.50000000e-01  3.19106220e-09
 3.51000000e-01  3.79257098e-09
 3.52000000e-01  4.52943979e-09
 3.53000000e-01  4.60898750e-09
 3.54000000e-01  4.09835341e-09
 3.55000000e-01  4.05460152e-09
 3.56000000e-01  3.83702518e-09
 3.57000000e-01  4.04366112e-09
 3.58000000e-01  3.97985420e-09
 3.59000000e-01  3.92831635e-09
 3.60000000e-01  4.19329875e-09
 3.61000000e-01  4.53734032e-09
 3.62000000e-01  4.85954573e-09
 3.63000000e-01  4.46379372e-09
 3.64000000e-01  4.10913609e-09
 3.65000000e-01  4.28915017e-09
 3.66000000e-01  3.84689051e-09
 3.67000000e-01  4.73432345e-09
 3.68000000e-01  4.09364102e-09
 3.69000000e-01  3.64927784e-09
 3.70000000e-01  3.53061058e-09
 3.71000000e-01  4.03191552e-09
 3.72000000e-01  4.55062612e-09
 3.73000000e-01  4.52661529e-09
 3.74000000e-01  4.14516994e-09
 3.75000000e-01  3.86084548e-09
 3.76000000e-01  3.95129279e-09
 3.77000000e-01  3.67899866e-09
 3.78000000e-01  3.16194803e-09
 3.79000000e-01  3.06470605e-09
 3.80000000e-01  3.07348742e-09
 3.81000000e-01  3.45110993e-09
 3.82000000e-01  4.25566221e-09
 3.83000000e-01  3.99430645e-09
 3.84000000e-01  3.96641101e-09
 3.85000000e-01  4.26381052e-09
 3.86000000e-01  4.34399935e-09
 3.87000000e-01  3.67683744e-09
 3.88000000e-01  4.10492508e-09
 3.89000000e-01  4.14644609e-09
 3.90000000e-01  4.12734712e-09
 3.91000000e-01  3.98273370e-09
 3.92000000e-01  3.58072457e-09
 3.93000000e-01  3.72389575e-09
 3.94000000e-01  3.59254583e-09
 3.95000000e-01  3.42169554e-09
 3.96000000e-01  3.96894271e-09
 3.97000000e-01  3.76884684e-09
 3.98000000e-01  3.83458432e-09
 3.99000000e-01  4.44962662e-09
 4.00000000e-01  3.95103559e-09
 4.01000000e-01  3.75967391e-09
 4.02000000e-01  3.53388308e-09
 4.03000000e-01  3.34817186e-09
 4.04000000e-01  4.31937315e-09
 4.05000000e-01  4.37586505e-09
 4.06000000e-01  4.33297493e-09
 4.07000000e-01  3.96877808e-09
 4.08000000e-01  3.14767385e-09
 4.09000000e-01  4.11939510e-09
 4.10000000e-01  3.54885112e-09
 4.11000000e-01  3.59875625e-09
 4.12000000e-01  4.01870682e-09
 4.13000000e-01  4.09245984e-09
 4.14000000e-01  3.33524862e-09
 4.15000000e-01  4.23764851e-09
 4.16000000e-01  4.01192829e-09
 4.17000000e-01  3.69113629e-09
 4.18000000e-01  3.65948283e-09
 4.19000000e-01  3.70207760e-09
 4.20000000e-01  3.57224263e-09
 4.21000000e-01  4.02325824e-09
 4.22000000e-01  3.97220294e-09
 4.23000000e-01  4.81888302e-09
 4.24000000e-01  4.60015331e-09
 4.25000000e-01  3.81870193e-09
 4.26000000e-01  4.01234600e-09
 4.27000000e-01  3.80019840e-09
 4.28000000e-01  3.72115457e-09
 4.29000000e-01  3.70748275e-09
 4.30000000e-01  3.85584817e-09
 4.31000000e-01  3.98235134e-09
 4.32000000e-01  3.79841154e-09
 4.33000000e-01  4.90629711e-09
 4.34000000e-01  5.53847366e-09
 4.35000000e-01  3.92695673e-09
 4.36000000e-01  3.37935908e-09
 4.37000000e-01  3.65023336e-09
 4.38000000e-01  3.28045549e-09
 4.39000000e-01  3.87767424e-09
 4.40000000e-01  3.32525990e-09
 4.41000000e-01  3.94356451e-09
 4.42000000e-01  4.17070237e-09
 4.43000000e-01  3.77998647e-09
 4.44000000e-01  2.88345047e-09
 4.45000000e-01  3.36488385e-09
 4.46000000e-01  3.83448761e-09
 4.47000000e-01  4.13755394e-09
 4.48000000e-01  4.28462981e-09
 4.49000000e-01  4.37448691e-09
 4.50000000e-01  4.80606476e-09
 4.51000000e-01  3.68844368e-09
 4.52000000e-01  2.85412572e-09
 4.53000000e-01  3.31091312e-09
 4.54000000e-01  3.67815142e-09
 4.55000000e-01  4.29821909e-09
 4.56000000e-01  4.42540842e-09
 4.57000000e-01  3.94924841e-09
 4.58000000e-01  3.58040304e-09
 4.59000000e-01  4.35036295e-09
 4.60000000e-01  4.75536140e-09
 4.61000000e-01  4.43870299e-09
 4.62000000e-01  4.20759045e-09
 4.63000000e-01  3.75699592e-09
 4.64000000e-01  3.68173656e-09
 4.65000000e-01  3.44281031e-09
 4.66000000e-01  3.68908422e-09
 4.67000000e-01  3.50656468e-09
 4.68000000e-01  3.90067637e-09
 4.69000000e-01  3.57668835e-09
 4.70000000e-01  3.93361014e-09
 4.71000000e-01  3.87928294e-09
 4.72000000e-01  3.95762697e-09
 4.73000000e-01  4.04995449e-09
 4.74000000e-01  3.77853680e-09
 4.75000000e-01  3.67498011e-09
 4.76000000e-01  3.58911727e-09
 4.77000000e-01  3.18157441e-09
 4.78000000e-01  4.60821996e-09
 4.79000000e-01  3.76524422e-09
 4.80000000e-01  3.48503051e-09
 4.81000000e-01  4.39441183e-09
 4.82000000e-01  4.35302558e-09
 4.83000000e-01  3.44741046e-09
 4.84000000e-01  3.97657209e-09
 4.85000000e-01  3.34885181e-09
 4.86000000e-01  3.60206978e-09
 4.87000000e-01  4.33045290e-09
 4.88000000e-01  3.89684908e-09
 4.89000000e-01  3.60227240e-09
 4.90000000e-01  4.19979687e-09
 4.91000000e-01  3.63306159e-09
 4.92000000e-01  3.78921836e-09
 4.93000000e-01  3.81257434e-09
 4.94000000e-01  4.30620047e-09
 4.95000000e-01  3.40809086e-09
 4.96000000e-01  3.80111707e-09
 4.97000000e-01  3.34132546e-09
 4.98000000e-01  3.97880009e-09
 4.99000000e-01  3.91723863e-09
 5.00000000e-01  3.81816965e-09
 5.01000000e-01  3.78041151e-09
 5.02000000e-01  3.92240046e-09
 5.03000000e-01  3.59634368e-09
 5.04000000e-01  3.34731847e-09
 5.05000000e-01  3.39023717e-09
 5.06000000e-01  3.21041492e-09
 5.07000000e-01  4.15862111e-09
 5.08000000e-01  4.05590905e-09
 5.09000000e-01  3.42444813e-09
 5.10000000e-01  3.66394127e-09
 5.11000000e-01  3.99711895e-09
 5.12000000e-01  3.87660143e-09
 5.13000000e-01  3.57405911e-09
 5.14000000e-01  4.42051003e-09
 5.15000000e-01  4.07464099e-09
 5.16000000e-01  3.19478770e-09
 5.17000000e-01  3.94411657e-09
 5.18000000e-01  3.12678868e-09
 5.19000000e-01  3.81135267e-09
 5.20000000e-01  2.88992076e-09
 5.21000000e-01  3.27073281e-09
 5.22000000e-01  3.99583676e-09
 5.23000000e-01  4.07354966e-09
 5.24000000e-01  4.20118071e-09
 5.25000000e-01  3.89185711e-09
 5.26000000e-01  4.02273050e-09
 5.27000000e-01  3.10340307e-09
 5.28000000e-01  2.97829033e-09
 5.29000000e-01  3.08339516e-09
 5.30000000e-01  3.51894469e-09
 5.31000000e-01  4.47892460e-09
 5.32000000e-01  4.11890236e-09
 5.33000000e-01  3.94113356e-09
 5.34000000e-01  3.90707411e-09
 5.35000000e-01  3.33039203e-09
 5.36000000e-01  3.70476566e-09
 5.37000000e-01  4.02741851e-09
 5.38000000e-01  3.64205560e-09
 5.39000000e-01  3.16092521e-09
 5.40000000e-01  3.39090003e-09
 5.41000000e-01  3.63808021e-09
 5.42000000e-01  4.21636244e-09
 5.43000000e-01  4.13134142e-09
 5.44000000e-01  3.73140296e-09
 5.45000000e-01  3.55441530e-09
 5.46000000e-01  3.47337999e-09
 5.47000000e-01  3.95794306e-09
 5.48000000e-01  3.02914121e-09
 5.49000000e-01  3.97945005e-09
 5.50000000e-01  4.42305359e-09
 5.51000000e-01  3.82156542e-09
 5.52000000e-01  3.08484694e-09
 5.53000000e-01  3.40901542e-09
 5.54000000e-01  3.12112009e-09
 5.55000000e-01  4.24653511e-09
 5.56000000e-01  3.46278427e-09
 5.57000000e-01  3.71833914e-09
 5.58000000e-01  3.88105219e-09
 5.59000000e-01  4.18965626e-09
 5.60000000e-01  3.84840932e-09
 5.61000000e-01  4.01609957e-09
 5.62000000e-01  4.00712542e-09
 5.63000000e-01  3.76922773e-09
 5.64000000e-01  3.46100227e-09
 5.65000000e-01  3.66066396e-09
 5.66000000e-01  3.48093316e-09
 5.67000000e-01  4.14247794e-09
 5.68000000e-01  4.12412211e-09
 5.69000000e-01  4.71851163e-09
 5.70000000e-01  4.36223321e-09
 5.71000000e-01  3.65033631e-09
 5.72000000e-01  3.23062958e-09
 5.73000000e-01  2.88187363e-09
 5.74000000e-01  3.77872792e-09
 5.75000000e-01  3.91376403e-09
 5.76000000e-01  3.36307446e-09
 5.77000000e-01  3.39884610e-09
 5.78000000e-01  3.54659837e-09
 5.79000000e-01  3.85742881e-09
 5.80000000e-01  3.70250821e-09
 5.81000000e-01  3.80594425e-09
 5.82000000e-01  4.28247417e-09
 5.83000000e-01  3.70204511e-09
 5.84000000e-01  3.43213477e-09
 5.85000000e-01  3.87879019e-09
 5.86000000e-01  4.42959083e-09
 5.87000000e-01  4.55973801e-09
 5.88000000e-01  3.71473809e-09
 5.89000000e-01  3.53069372e-09
 5.90000000e-01  3.61736139e-09
 5.91000000e-01  4.17432161e-09
 5.92000000e-01  3.92073666e-09
 5.93000000e-01  4.04296579e-09
 5.94000000e-01  3.93383851e-09
 5.95000000e-01  4.46908924e-09
 5.96000000e-01  4.28462694e-09
 5.97000000e-01  4.51567788e-09
 5.98000000e-01  4.71824687e-09
 5.99000000e-01  3.65059833e-09
 6.00000000e-01  3.53230734e-09
 6.01000000e-01  4.00005757e-09
 6.02000000e-01  3.78664049e-09
 6.03000000e-01  4.12088407e-09
 6.04000000e-01  4.34496138e-09
 6.05000000e-01  3.88911240e-09
 6.06000000e-01  3.47914779e-09
 6.07000000e-01  3.98643729e-09
 6.08000000e-01  3.93557903e-09
 6.09000000e-01  3.47860759e-09
 6.10000000e-01  3.23291934e-09
 6.11000000e-01  3.91746687e-09
 6.12000000e-01  3.74410830e-09
 6.13000000e-01  3.20724844e-09
 6.14000000e-01  4.14433534e-09
 6.15000000e-01  4.30678459e-09
 6.16000000e-01  3.64122623e-09
 6.17000000e-01  3.94227680e-09
 6.18000000e-01  3.00291808e-09
 6.19000000e-01  3.52734623e-09
 6.20000000e-01  3.66252475e-09
 6.21000000e-01  3.22469472e-09
 6.22000000e-01  3.64059475e-09
 6.23000000e-01  2.97748017e-09
 6.24000000e-01  3.51211834e-09
 6.25000000e-01  3.40404032e-09
 6.26000000e-01  3.34732232e-09
 6.27000000e-01  4.23432281e-09
 6.28000000e-01  3.44698223e-09
 6.29000000e-01  3.30344626e-09
 6.30000000e-01  3.42548251e-09
 6.31000000e-01  3.57086642e-09
 6.32000000e-01  3.12714457e-09
 6.33000000e-01  3.31883098e-09
 6.34000000e-01  3.99538427e-09
 6.35000000e-01  3.52818865e-09
 6.36000000e-01  3.48312758e-09
 6.37000000e-01  3.34761305e-09
 6.38000000e-01  3.58249695e-09
 6.39000000e-01  3.79775105e-09
 6.40000000e-01  4.31714290e-09
 6.41000000e-01  3.90972057e-09
 6.42000000e-01  3.67101167e-09
 6.43000000e-01  3.52723124e-09
 6.44000000e-01  3.46887355e-09
 6.45000000e-01  4.38344277e-09
 6.46000000e-01  4.37624850e-09
 6.47000000e-01  3.81427909e-09
 6.48000000e-01  3.71784696e-09
 6.49000000e-01  3.60600029e-09
 6.50000000e-01  2.88652939e-09
 6.51000000e-01  3.64193846e-09
 6.52000000e-01  3.60114305e-09
 6.53000000e-01  3.59818673e-09
 6.54000000e-01  4.07849377e-09
 6.55000000e-01  3.26425374e-09
 6.56000000e-01  3.50413401e-09
 6.57000000e-01  3.49460623e-09
 6.58000000e-01  4.42118935e-09
 6.59000000e-01  4.15529679e-09
 6.60000000e-01  4.31509838e-09
 6.61000000e-01  4.40628350e-09
 6.62000000e-01  4.05712792e-09
 6.63000000e-01  3.20134961e-09
 6.64000000e-01  3.46822763e-09
 6.65000000e-01  3.64894863e-09
 6.66000000e-01  3.12255849e-09
 6.67000000e-01  3.53171912e-09
 6.68000000e-01  3.48240000e-09
 6.69000000e-01  3.64524219e-09
 6.70000000e-01  3.83047296e-09
 6.71000000e-01  4.22568165e-09
 6.72000000e-01  4.18591960e-09
 6.73000000e-01  4.14916265e-09
 6.74000000e-01  4.60183938e-09
 6.75000000e-01  3.92197046e-09
 6.76000000e-01  4.15203684e-09
 6.77000000e-01  3.57426430e-09
 6.78000000e-01  3.32832137e-09
 6.79000000e-01  3.70331300e-09
 6.80000000e-01  4.65481866e-09
 6.81000000e-01  3.90216545e-09
 6.82000000e-01  3.46448777e-09
 6.83000000e-01  4.15183350e-09
 6.84000000e-01  4.05311714e-09
 6.85000000e-01  4.58152268e-09
 6.86000000e-01  4.32212297e-09
 6.87000000e-01  3.84476007e-09
 6.88000000e-01  4.25749840e-09
 6.89000000e-01  3.30453995e-09
 6.90000000e-01  2.90562125e-09
 6.91000000e-01  3.87379038e-09
 6.92000000e-01  3.47924651e-09
 6.93000000e-01  3.30203228e-09
 6.94000000e-01  3.10938860e-09
 6.95000000e-01  3.71442258e-09
 6.96000000e-01  4.21811486e-09
 6.97000000e-01  4.71351151e-09
 6.98000000e-01  3.51766364e-09
 6.99000000e-01  3.83320649e-09
 7.00000000e-01  4.73699133e-09
 7.01000000e-01  4.15933769e-09
 7.02000000e-01  4.29542512e-09
 7.03000000e-01  4.70954354e-09
 7.04000000e-01  4.34329226e-09
 7.05000000e-01  3.90530493e-09
 7.06000000e-01  3.88108100e-09
 7.07000000e-01  3.90931659e-09
 7.08000000e-01  3.32648494e-09
 7.09000000e-01  3.66015466e-09
 7.10000000e-01  3.92233968e-09
 7.11000000e-01  3.80363510e-09
 7.12000000e-01  3.85533442e-09
 7.13000000e-01  4.30319413e-09
 7.14000000e-01  4.16901662e-09
 7.15000000e-01  3.94204012e-09
 7.16000000e-01  4.32339240e-09
 7.17000000e-01  3.81617741e-09
 7.18000000e-01  3.84866164e-09
 7.19000000e-01  3.59471122e-09
 7.20000000e-01  3.38180743e-09
 7.21000000e-01  3.63960963e-09
 7.22000000e-01  4.06206001e-09
 7.23000000e-01  3.14619913e-09
 7.24000000e-01  3.28073888e-09
 7.25000000e-01  3.48255953e-09
 7.26000000e-01  3.44755151e-09
 7.27000000e-01  3.13660383e-09
 7.28000000e-01  3.04003944e-09
 7.29000000e-01  3.26084015e-09
 7.30000000e-01  3.63217210e-09
 7.31000000e-01  3.52178213e-09
 7.32000000e-01  3.79299088e-09
 7.33000000e-01  4.19885739e-09
 7.34000000e-01  3.59440063e-09
 7.35000000e-01  3.80791250e-09
 7.36000000e-01  3.51699533e-09
 7.37000000e-01  3.45703532e-09
 7.38000000e-01  3.45561684e-09
 7.39000000e-01  3.27326187e-09
 7.40000000e-01  3.47701218e-09
 7.41000000e-01  3.18625955e-09
 7.42000000e-01  3.36615172e-09
 7.43000000e-01  3.19200876e-09
 7.44000000e-01  3.74551392e-09
 7.45000000e-01  3.87639400e-09
 7.46000000e-01  2.96881040e-09
 7.47000000e-01  3.24099468e-09
 7.48000000e-01  3.48562812e-09
 7.49000000e-01  3.86672141e-09
 7.50000000e-01  3.93062349e-09
 7.51000000e-01  3.23345481e-09
 7.52000000e-01  2.69053183e-09
 7.53000000e-01  3.19630821e-09
 7.54000000e-01  3.10470181e-09
 7.55000000e-01  3.13044819e-09
 7.56000000e-01  2.23287015e-09
 7.57000000e-01  3.04437976e-09
 7.58000000e-01  4.00126865e-09
 7.59000000e-01  3.82118540e-09
 7.60000000e-01  2.84808989e-09
 7.61000000e-01  2.62983522e-09
 7.62000000e-01  2.78724603e-09
 7.63000000e-01  3.80294726e-09
 7.64000000e-01  3.86161090e-09
 7.65000000e-01  3.65512491e-09
 7.66000000e-01  3.46337256e-09
 7.67000000e-01  3.81663857e-09
 7.68000000e-01  3.24230304e-09
 7.69000000e-01  3.17446953e-09
 7.70000000e-01  3.37072816e-09
 7.71000000e-01  3.49099253e-09
 7.72000000e-01  3.64620567e-09
 7.73000000e-01  2.97547857e-09
 7.74000000e-01  3.86886492e-09
 7.75000000e-01  3.66692103e-09
 7.76000000e-01  3.56075896e-09
 7.77000000e-01  3.21079735e-09
 7.78000000e-01  3.24691953e-09
 7.79000000e-01  2.88279140e-09
 7.80000000e-01  2.81567207e-09
 7.81000000e-01  3.76329147e-09
 7.82000000e-01  3.72163025e-09
 7.83000000e-01  3.47926801e-09
 7.84000000e-01  3.79223428e-09
 7.85000000e-01  3.48299094e-09
 7.86000000e-01  3.20970760e-09
 7.87000000e-01  3.45475703e-09
 7.88000000e-01  3.99664669e-09
 7.89000000e-01  3.31264142e-09
 7.90000000e-01  3.39278678e-09
 7.91000000e-01  3.70441275e-09
 7.92000000e-01  3.21983033e-09
 7.93000000e-01  3.06090992e-09
 7.94000000e-01  3.91492735e-09
 7.95000000e-01  3.95290360e-09
 7.96000000e-01  3.97387729e-09
 7.97000000e-01  3.44810206e-09
 7.98000000e-01  3.26037282e-09
 7.99000000e-01  3.62127096e-09
 8.00000000e-01  3.31419695e-09
 8.01000000e-01  3.05925414e-09
 8.02000000e-01  3.51482250e-09
 8.03000000e-01  3.78881602e-09
 8.04000000e-01  4.01592313e-09
 8.05000000e-01  4.14340712e-09
 8.06000000e-01  3.76480684e-09
 8.07000000e-01  2.95786007e-09
 8.08000000e-01  3.33511386e-09
 8.09000000e-01  3.56827167e-09
 8.10000000e-01  3.08109673e-09
 8.11000000e-01  3.68076827e-09
 8.12000000e-01  3.23836850e-09
 8.13000000e-01  3.52238767e-09
 8.14000000e-01  3.88298560e-09
 8.15000000e-01  3.70540894e-09
 8.16000000e-01  3.65986960e-09
 8.17000000e-01  3.27703305e-09
 8.18000000e-01  3.78552750e-09
 8.19000000e-01  4.36528269e-09
 8.20000000e-01  3.19081854e-09
 8.21000000e-01  3.21241100e-09
 8.22000000e-01  3.45817088e-09
 8.23000000e-01  3.88607390e-09
 8.24000000e-01  3.05669591e-09
 8.25000000e-01  3.78102712e-09
 8.26000000e-01  3.88747253e-09
 8.27000000e-01  3.60401550e-09
 8.28000000e-01  3.48773192e-09
 8.29000000e-01  3.36733042e-09
 8.30000000e-01  3.61839265e-09
 8.31000000e-01  3.99497176e-09
 8.32000000e-01  3.69036725e-09
 8.33000000e-01  3.20297837e-09
 8.34000000e-01  3.60973272e-09
 8.35000000e-01  3.55900625e-09
 8.36000000e-01  3.49459005e-09
 8.37000000e-01  3.97618583e-09
 8.38000000e-01  4.01161764e-09
 8.39000000e-01  3.85400224e-09
 8.40000000e-01  3.81500629e-09
 8.41000000e-01  3.44330515e-09
 8.42000000e-01  3.46028808e-09
 8.43000000e-01  3.52169522e-09
 8.44000000e-01  3.45145513e-09
 8.45000000e-01  2.85972491e-09
 8.46000000e-01  3.24016977e-09
 8.47000000e-01  3.24328051e-09
 8.48000000e-01  3.48411299e-09
 8.49000000e-01  3.71868038e-09
 8.50000000e-01  3.52505376e-09
 8.51000000e-01  3.42349112e-09
 8.52000000e-01  3.29981545e-09
 8.53000000e-01  3.74144749e-09
 8.54000000e-01  3.42849032e-09
 8.55000000e-01  3.68559025e-09
 8.56000000e-01  3.32117835e-09
 8.57000000e-01  2.96144233e-09
 8.58000000e-01  3.38133395e-09
 8.59000000e-01  3.65348591e-09
 8.60000000e-01  3.72783507e-09
 8.61000000e-01  3.28197776e-09
 8.62000000e-01  3.36654764e-09
 8.63000000e-01  3.26161517e-09
 8.64000000e-01  2.99689335e-09
 8.65000000e-01  3.38191696e-09
 8.66000000e-01  3.52424897e-09
 8.67000000e-01  3.37460525e-09
 8.68000000e-01  4.05672823e-09
 8.69000000e-01  3.96334557e-09
 8.70000000e-01  3.76505782e-09
 8.71000000e-01  3.42806737e-09
 8.72000000e-01  3.50372644e-09
 8.73000000e-01  3.78170733e-09
 8.74000000e-01  3.95890716e-09
 8.75000000e-01  3.52142065e-09
 8.76000000e-01  4.06431515e-09
 8.77000000e-01  3.80776011e-09
 8.78000000e-01  3.95444141e-09
 8.79000000e-01  3.87477556e-09
 8.80000000e-01  3.77554908e-09
 8.81000000e-01  3.11252732e-09
 8.82000000e-01  3.19555527e-09
 8.83000000e-01  3.41048052e-09
 8.84000000e-01  3.20380677e-09
 8.85000000e-01  3.43568409e-09
 8.86000000e-01  3.72549557e-09
 8.87000000e-01  4.32974894e-09
 8.88000000e-01  3.39798664e-09
 8.89000000e-01  3.72714677e-09
 8.90000000e-01  4.43840867e-09
 8.91000000e-01  3.71870485e-09
 8.92000000e-01  4.14732432e-09
 8.93000000e-01  3.99424931e-09
 8.94000000e-01  3.62196199e-09
 8.95000000e-01  3.22518539e-09
 8.96000000e-01  3.48290838e-09
 8.97000000e-01  3.71139384e-09
 8.98000000e-01  3.80537320e-09
 8.99000000e-01  3.20780466e-09
 9.00000000e-01  3.95325737e-09
 9.01000000e-01  3.40766846e-09
 9.02000000e-01  2.96902304e-09
 9.03000000e-01  3.34171665e-09
 9.04000000e-01  3.74435812e-09
 9.05000000e-01  3.77337722e-09
 9.06000000e-01  3.44892555e-09
 9.07000000e-01  3.32187480e-09
 9.08000000e-01  3.38349936e-09
 9.09000000e-01  3.45428735e-09
 9.10000000e-01  3.82429158e-09
 9.11000000e-01  3.52577125e-09
 9.12000000e-01  3.79462338e-09
 9.13000000e-01  3.57601949e-09
 9.14000000e-01  3.72586541e-09
 9.15000000e-01  4.68152150e-09
 9.16000000e-01  4.15949745e-09
 9.17000000e-01  3.58515255e-09
 9.18000000e-01  3.96592713e-09
 9.19000000e-01  3.70926599e-09
 9.20000000e-01  3.18774767e-09
 9.21000000e-01  3.76188771e-09
 9.22000000e-01  3.77689443e-09
 9.23000000e-01  3.31264817e-09
 9.24000000e-01  2.43370292e-09
 9.25000000e-01  3.84593120e-09
 9.26000000e-01  3.10763670e-09
 9.27000000e-01  3.69795822e-09
 9.28000000e-01  3.15061489e-09
 9.29000000e-01  3.43952325e-09
 9.30000000e-01  3.22491061e-09
 9.31000000e-01  3.28960254e-09
 9.32000000e-01  3.38328899e-09
 9.33000000e-01  3.54830822e-09
 9.34000000e-01  3.38096718e-09
 9.35000000e-01  4.03190701e-09
 9.36000000e-01  3.63862618e-09
 9.37000000e-01  3.85866363e-09
 9.38000000e-01  3.65371553e-09
 9.39000000e-01  3.78755863e-09
 9.40000000e-01  3.89934913e-09
 9.41000000e-01  3.66627729e-09
 9.42000000e-01  4.02312122e-09
 9.43000000e-01  3.36891653e-09
 9.44000000e-01  2.95568651e-09
 9.45000000e-01  3.21555873e-09
 9.46000000e-01  3.99642966e-09
 9.47000000e-01  3.89656007e-09
 9.48000000e-01  3.10179046e-09
 9.49000000e-01  3.43257344e-09
 9.50000000e-01  3.38480655e-09
 9.51000000e-01  3.15330042e-09
 9.52000000e-01  3.75038339e-09
 9.53000000e-01  3.59843743e-09
 9.54000000e-01  4.73391449e-09
 9.55000000e-01  3.89269327e-09
 9.56000000e-01  3.57927614e-09
 9.57000000e-01  2.86826438e-09
 9.58000000e-01  3.76278021e-09
 9.59000000e-01  3.83290324e-09
 9.60000000e-01  3.74511660e-09
 9.61000000e-01  3.27749972e-09
 9.62000000e-01  3.09444956e-09
 9.63000000e-01  3.36876374e-09
 9.64000000e-01  3.55996721e-09
 9.65000000e-01  2.92910861e-09
 9.66000000e-01  3.44467423e-09
 9.67000000e-01  3.36702514e-09
 9.68000000e-01  2.94065011e-09
 9.69000000e-01  3.34583332e-09
 9.70000000e-01  2.44753245e-09
 9.71000000e-01  2.96515931e-09
 9.72000000e-01  3.38819596e-09
 9.73000000e-01  3.15279982e-09
 9.74000000e-01  3.48640725e-09
 9.75000000e-01  3.33358038e-09
 9.76000000e-01  3.21722740e-09
 9.77000000e-01  3.70697728e-09
 9.78000000e-01  4.07422526e-09
 9.79000000e-01  3.39930246e-09
 9.80000000e-01  3.92084858e-09
 9.81000000e-01  3.66700772e-09
 9.82000000e-01  3.85156248e-09
 9.83000000e-01  3.85178365e-09
 9.84000000e-01  3.52162792e-09
 9.85000000e-01  3.89932044e-09
 9.86000000e-01  2.90015117e-09
 9.87000000e-01  2.93826459e-09
 9.88000000e-01  2.56337221e-09
 9.89000000e-01  3.47397210e-09
 9.90000000e-01  3.57801828e-09
 9.91000000e-01  3.22817534e-09
 9.92000000e-01  3.74102395e-09
 9.93000000e-01  3.80133806e-09
 9.94000000e-01  2.56642492e-09
 9.95000000e-01  3.29871278e-09
 9.96000000e-01  2.86502329e-09
 9.97000000e-01  3.22678497e-09
 9.98000000e-01  3.05441713e-09
 9.99000000e-01  2.75334868e-09
 1.00000000e+00  2.92773731e-09
 1.00100000e+00  2.98078143e-09
 1.00200000e+00  3.41741469e-09
 1.00300000e+00  2.88634646e-09
 1.00400000e+00  3.06364655e-09
 1.00500000e+00  3.44183043e-09
 1.00600000e+00  3.61954261e-09
 1.00700000e+00  3.93991085e-09
 1.00800000e+00  3.74218299e-09
 1.00900000e+00  3.40557367e-09
 1.01000000e+00  3.86478737e-09
 1.01100000e+00  3.20487554e-09
 1.01200000e+00  2.97180214e-09
 1.01300000e+00  3.26617167e-09
 1.01400000e+00  3.29634474e-09
 1.01500000e+00  3.68444527e-09
 1.01600000e+00  3.69153371e-09
 1.01700000e+00  3.46683415e-09
 1.01800000e+00  3.37100666e-09
 1.01900000e+00  3.22124229e-09
 1.02000000e+00  4.09132201e-09
 1.02100000e+00  3.66773695e-09
 1.02200000e+00  3.62801757e-09
 1.02300000e+00  3.75773840e-09
 1.02400000e+00  3.50992620e-09
 1.02500000e+00  2.55996698e-09
 1.02600000e+00  2.96922942e-09
 1.02700000e+00  3.32742685e-09
 1.02800000e+00  3.33527554e-09
 1.02900000e+00  3.77999384e-09
 1.03000000e+00  4.15677877e-09
 1.03100000e+00  3.37341262e-09
 1.03200000e+00  3.37472914e-09
 1.03300000e+00  3.42324980e-09
 1.03400000e+00  3.76312391e-09
 1.03500000e+00  3.37095856e-09
 1.03600000e+00  3.41453329e-09
 1.03700000e+00  2.78138004e-09
 1.03800000e+00  2.80603193e-09
 1.03900000e+00  3.21662802e-09
 1.04000000e+00  3.55228335e-09
 1.04100000e+00  2.86809074e-09
 1.04200000e+00  3.28161867e-09
 1.04300000e+00  3.03273993e-09
 1.04400000e+00  2.77381419e-09
 1.04500000e+00  3.03170512e-09
 1.04600000e+00  2.63560297e-09
 1.04700000e+00  3.20533040e-09
 1.04800000e+00  3.67187837e-09
 1.04900000e+00  3.66861470e-09
 1.05000000e+00  3.12122499e-09
 1.05100000e+00  3.46693673e-09
 1.05200000e+00  2.77325197e-09
 1.05300000e+00  2.98030452e-09
 1.05400000e+00  3.79355443e-09
 1.05500000e+00  3.82530575e-09
 1.05600000e+00  3.30944238e-09
 1.05700000e+00  3.04216155e-09
 1.05800000e+00  3.00426586e-09
 1.05900000e+00  2.86466506e-09
 1.06000000e+00  3.34101912e-09
 1.06100000e+00  3.95859387e-09
 1.06200000e+00  3.49220563e-09
 1.06300000e+00  3.91617134e-09
 1.06400000e+00  3.09270649e-09
 1.06500000e+00  3.16783682e-09
 1.06600000e+00  3.26624109e-09
 1.06700000e+00  3.37928526e-09
 1.06800000e+00  3.61583915e-09
 1.06900000e+00  3.36704139e-09
 1.07000000e+00  3.07345700e-09
 1.07100000e+00  3.11359921e-09
 1.07200000e+00  3.27756882e-09
 1.07300000e+00  3.43313167e-09
 1.07400000e+00  3.69910472e-09
 1.07500000e+00  3.61204305e-09
 1.07600000e+00  3.93071275e-09
 1.07700000e+00  3.53889803e-09
 1.07800000e+00  3.74018887e-09
 1.07900000e+00  3.52611853e-09
 1.08000000e+00  3.45351941e-09
 1.08100000e+00  3.50118631e-09
 1.08200000e+00  3.68293874e-09
 1.08300000e+00  3.58462009e-09
 1.08400000e+00  3.46897580e-09
 1.08500000e+00  3.33085454e-09
 1.08600000e+00  3.03641360e-09
 1.08700000e+00  3.53780693e-09
 1.08800000e+00  3.38003234e-09
 1.08900000e+00  3.28346211e-09
 1.09000000e+00  3.67994205e-09
 1.09100000e+00  3.89106308e-09
 1.09200000e+00  3.50336343e-09
 1.09300000e+00  3.33368224e-09
 1.09400000e+00  3.54665355e-09
 1.09500000e+00  3.13030467e-09
 1.09600000e+00  3.56382675e-09
 1.09700000e+00  3.75386154e-09
 1.09800000e+00  3.59506975e-09
 1.09900000e+00  3.65124585e-09
 1.10000000e+00  2.65425063e-09
 1.10100000e+00  3.23947983e-09
 1.10200000e+00  3.08795547e-09
 1.10300000e+00  3.16910661e-09
 1.10400000e+00  3.03031355e-09
 1.10500000e+00  3.05476558e-09
 1.10600000e+00  3.66927510e-09
 1.10700000e+00  3.22196790e-09
 1.10800000e+00  3.12966291e-09
 1.10900000e+00  4.07517036e-09
 1.11000000e+00  3.36971811e-09
 1.11100000e+00  3.15586001e-09
 1.11200000e+00  3.08407057e-09
 1.11300000e+00  3.17642729e-09
 1.11400000e+00  3.05210560e-09
 1.11500000e+00  3.83080614e-09
 1.11600000e+00  3.38357281e-09
 1.11700000e+00  3.26983021e-09
 1.11800000e+00  2.75946113e-09
 1.11900000e+00  3.62204911e-09
 1.12000000e+00  3.82786217e-09
 1.12100000e+00  3.95153166e-09
 1.12200000e+00  4.06880963e-09
 1.12300000e+00  3.49463659e-09
 1.12400000e+00  4.24848592e-09
 1.12500000e+00  3.89087788e-09
 1.12600000e+00  2.86417370e-09
 1.12700000e+00  3.31533616e-09
 1.12800000e+00  3.79080220e-09
 1.12900000e+00  3.93640014e-09
 1.13000000e+00  3.15640362e-09
 1.13100000e+00  3.20054526e-09
 1.13200000e+00  3.41118002e-09
 1.13300000e+00  3.38911301e-09
 1.13400000e+00  3.54001117e-09
 1.13500000e+00  3.35387086e-09
 1.13600000e+00  3.79808839e-09
 1.13700000e+00  3.19437374e-09
 1.13800000e+00  3.17429263e-09
 1.13900000e+00  3.07281054e-09
 1.14000000e+00  3.53566680e-09
 1.14100000e+00  3.39236822e-09
 1.14200000e+00  4.23898077e-09
 1.14300000e+00  3.38462556e-09
 1.14400000e+00  3.72461538e-09
 1.14500000e+00  3.41008821e-09
 1.14600000e+00  3.49140853e-09
 1.14700000e+00  2.87422003e-09
 1.14800000e+00  3.25628118e-09
 1.14900000e+00  3.37600642e-09
 1.15000000e+00  3.34620638e-09
 1.15100000e+00  3.07685129e-09
 1.15200000e+00  2.91957259e-09
 1.15300000e+00  3.41508429e-09
 1.15400000e+00  3.93321310e-09
 1.15500000e+00  3.64684825e-09
 1.15600000e+00  3.80944610e-09
 1.15700000e+00  3.39301046e-09
 1.15800000e+00  3.03423249e-09
 1.15900000e+00  3.26163328e-09
 1.16000000e+00  3.61846760e-09
 1.16100000e+00  3.74831685e-09
 1.16200000e+00  3.53104596e-09
 1.16300000e+00  3.19492345e-09
 1.16400000e+00  2.95713760e-09
 1.16500000e+00  3.56438590e-09
 1.16600000e+00  2.96638357e-09
 1.16700000e+00  2.89600424e-09
 1.16800000e+00  3.19589813e-09
 1.16900000e+00  3.10224409e-09
 1.17000000e+00  3.43174578e-09
 1.17100000e+00  3.19672939e-09
 1.17200000e+00  3.05216993e-09
 1.17300000e+00  3.21206722e-09
 1.17400000e+00  3.06743982e-09
 1.17500000e+00  3.50664640e-09
 1.17600000e+00  2.59572585e-09
 1.17700000e+00  2.57024549e-09
 1.17800000e+00  3.42402693e-09
 1.17900000e+00  3.70467601e-09
 1.18000000e+00  3.11805028e-09
 1.18100000e+00  2.94378023e-09
 1.18200000e+00  3.00264615e-09
 1.18300000e+00  4.01175648e-09
 1.18400000e+00  3.70558727e-09
 1.18500000e+00  3.45037023e-09
 1.18600000e+00  3.97754357e-09
 1.18700000e+00  3.17832058e-09
 1.18800000e+00  2.87526521e-09
 1.18900000e+00  3.58745883e-09
 1.19000000e+00  3.19876319e-09
 1.19100000e+00  2.91590566e-09
 1.19200000e+00  2.71972449e-09
 1.19300000e+00  2.82221293e-09
 1.19400000e+00  3.21867399e-09
 1.19500000e+00  3.15009736e-09
 1.19600000e+00  3.28856107e-09
 1.19700000e+00  3.01619826e-09
 1.19800000e+00  2.86842076e-09
 1.19900000e+00  2.92011976e-09
 1.20000000e+00  2.74055960e-09
 1.20100000e+00  3.51710286e-09
 1.20200000e+00  3.39753045e-09
 1.20300000e+00  3.18015684e-09
 1.20400000e+00  3.19100629e-09
 1.20500000e+00  3.08990999e-09
 1.20600000e+00  3.44227723e-09
 1.20700000e+00  3.13157500e-09
 1.20800000e+00  3.22739314e-09
 1.20900000e+00  3.23958001e-09
 1.21000000e+00  3.47552567e-09
 1.21100000e+00  3.09994199e-09
 1.21200000e+00  2.52360244e-09
 1.21300000e+00  3.22446932e-09
 1.21400000e+00  3.58574901e-09
 1.21500000e+00  3.81680497e-09
 1.21600000e+00  3.61803562e-09
 1.21700000e+00  2.84731201e-09
 1.21800000e+00  3.03822765e-09
 1.21900000e+00  3.67518926e-09
 1.22000000e+00  3.59965061e-09
 1.22100000e+00  2.69625063e-09
 1.22200000e+00  3.03236900e-09
 1.22300000e+00  3.25752509e-09
 1.22400000e+00  3.09214133e-09
 1.22500000e+00  3.30125078e-09
 1.22600000e+00  3.79999974e-09
 1.22700000e+00  2.97265250e-09
 1.22800000e+00  3.10279386e-09
 1.22900000e+00  2.89145754e-09
 1.23000000e+00  3.18060058e-09
 1.23100000e+00  3.71312787e-09
 1.23200000e+00  3.83717478e-09
 1.23300000e+00  3.28123444e-09
 1.23400000e+00  2.92997597e-09
 1.23500000e+00  3.13920405e-09
 1.23600000e+00  3.34150796e-09
 1.23700000e+00  3.03294051e-09
 1.23800000e+00  3.16398917e-09
 1.23900000e+00  3.24042689e-09
 1.24000000e+00  2.81668986e-09
 1.24100000e+00  2.79011116e-09
 1.24200000e+00  2.48132801e-09
 1.24300000e+00  3.21643825e-09
 1.24400000e+00  3.35060724e-09
 1.24500000e+00  2.87812697e-09
 1.24600000e+00  2.94815111e-09
 1.24700000e+00  3.16914743e-09
 1.24800000e+00  3.26730607e-09
 1.24900000e+00  3.36587587e-09
 1.25000000e+00  3.00247071e-09
 1.25100000e+00  3.09434100e-09
 1.25200000e+00  2.82855655e-09
 1.25300000e+00  3.57722858e-09
 1.25400000e+00  3.46345629e-09
 1.25500000e+00  3.27338375e-09
 1.25600000e+00  2.98007629e-09
 1.25700000e+00  3.29908515e-09
 1.25800000e+00  3.11573000e-09
 1.25900000e+00  3.68800438e-09
 1.26000000e+00  3.95025011e-09
 1.26100000e+00  2.94173000e-09
 1.26200000e+00  3.61837091e-09
 1.26300000e+00  3.13148422e-09
 1.26400000e+00  2.66849074e-09
 1.26500000e+00  2.85887953e-09
 1.26600000e+00  3.18276948e-09
 1.26700000e+00  2.95061103e-09
 1.26800000e+00  3.18103175e-09
 1.26900000e+00  2.54613449e-09
 1.27000000e+00  3.40050197e-09
 1.27100000e+00  3.15823304e-09
 1.27200000e+00  3.62038957e-09
 1.27300000e+00  3.03706928e-09
 1.27400000e+00  2.98441351e-09
 1.27500000e+00  3.64252373e-09
 1.27600000e+00  3.36028272e-09
 1.27700000e+00  3.49655610e-09
 1.27800000e+00  3.22224845e-09
 1.27900000e+00  2.52232740e-09
 1.28000000e+00  3.59597750e-09
 1.28100000e+00  3.57810605e-09
 1.28200000e+00  3.29545728e-09
 1.28300000e+00  3.19830916e-09
 1.28400000e+00  3.39165962e-09
 1.28500000e+00  3.87100108e-09
 1.28600000e+00  3.77124634e-09
 1.28700000e+00  2.72361710e-09
 1.28800000e+00  2.96164881e-09
 1.28900000e+00  3.25238133e-09
 1.29000000e+00  2.85004709e-09
 1.29100000e+00  2.77050809e-09
 1.29200000e+00  3.11890041e-09
 1.29300000e+00  2.82017431e-09
 1.29400000e+00  3.14112761e-09
 1.29500000e+00  3.23718215e-09
 1.29600000e+00  3.07488297e-09
 1.29700000e+00  3.22759936e-09
 1.29800000e+00  3.08016243e-09
 1.29900000e+00  3.18819574e-09
 1.30000000e+00  2.85763085e-09
 1.30100000e+00  3.26816565e-09
 1.30200000e+00  2.83492131e-09
 1.30300000e+00  3.20947781e-09
 1.30400000e+00  2.99143436e-09
 1.30500000e+00  3.24980448e-09
 1.30600000e+00  3.95700380e-09
 1.30700000e+00  3.54157642e-09
 1.30800000e+00  3.19329250e-09
 1.30900000e+00  3.26777999e-09
 1.31000000e+00  3.01012189e-09
 1.31100000e+00  3.07653915e-09
 1.31200000e+00  3.41479718e-09
 1.31300000e+00  3.39083377e-09
 1.31400000e+00  3.41861736e-09
 1.31500000e+00  3.51246816e-09
 1.31600000e+00  3.23746424e-09
 1.31700000e+00  3.59750652e-09
 1.31800000e+00  3.01388755e-09
 1.31900000e+00  3.65507500e-09
 1.32000000e+00  3.69344976e-09
 1.32100000e+00  3.23357400e-09
 1.32200000e+00  3.53999225e-09
 1.32300000e+00  3.72709175e-09
 1.32400000e+00  3.00174080e-09
 1.32500000e+00  3.23686520e-09
 1.32600000e+00  3.38908189e-09
 1.32700000e+00  3.42143760e-09
 1.32800000e+00  3.52908329e-09
 1.32900000e+00  3.06489338e-09
 1.33000000e+00  2.69594955e-09
 1.33100000e+00  3.27603938e-09
 1.33200000e+00  3.67373972e-09
 1.33300000e+00  3.51514093e-09
 1.33400000e+00  3.25182887e-09
 1.33500000e+00  2.82525341e-09
 1.33600000e+00  2.87638567e-09
 1.33700000e+00  2.88562311e-09
 1.33800000e+00  2.96701590e-09
 1.33900000e+00  2.92117665e-09
 1.34000000e+00  3.27270744e-09
 1.34100000e+00  3.20377767e-09
 1.34200000e+00  3.12965339e-09
 1.34300000e+00  2.87570998e-09
 1.34400000e+00  3.01678381e-09
 1.34500000e+00  3.21981346e-09
 1.34600000e+00  2.84567024e-09
 1.34700000e+00  2.72874184e-09
 1.34800000e+00  2.56442445e-09
 1.34900000e+00  2.78844838e-09
 1.35000000e+00  3.40835941e-09
 1.35100000e+00  2.96622567e-09
 1.35200000e+00  3.26919193e-09
 1.35300000e+00  3.64099883e-09
 1.35400000e+00  3.51489667e-09
 1.35500000e+00  3.38445694e-09
 1.35600000e+00  3.28524806e-09
 1.35700000e+00  3.31519492e-09
 1.35800000e+00  2.75932711e-09
 1.35900000e+00  2.54267271e-09
 1.36000000e+00  3.56334391e-09
 1.36100000e+00  3.17929903e-09
 1.36200000e+00  3.35307758e-09
 1.36300000e+00  2.84116104e-09
 1.36400000e+00  2.74219233e-09
 1.36500000e+00  3.10946267e-09
 1.36600000e+00  3.51039508e-09
 1.36700000e+00  3.55657257e-09
 1.36800000e+00  3.29586350e-09
 1.36900000e+00  3.90005650e-09
 1.37000000e+00  3.54726454e-09
 1.37100000e+00  3.36024241e-09
 1.37200000e+00  3.61835876e-09
 1.37300000e+00  3.67740774e-09
 1.37400000e+00  2.94800292e-09
 1.37500000e+00  3.27581500e-09
 1.37600000e+00  3.47911742e-09
 1.37700000e+00  4.15664527e-09
 1.37800000e+00  3.52816077e-09
 1.37900000e+00  2.37170848e-09
 1.38000000e+00  2.37131316e-09
 1.38100000e+00  2.85341291e-09
 1.38200000e+00  3.46237700e-09
 1.38300000e+00  3.05840681e-09
 1.38400000e+00  2.68644154e-09
 1.38500000e+00  2.30776095e-09
 1.38600000e+00  3.17077818e-09
 1.38700000e+00  3.04924894e-09
 1.38800000e+00  2.99988534e-09
 1.38900000e+00  2.79610603e-09
 1.39000000e+00  3.51606969e-09
 1.39100000e+00  4.25296174e-09
 1.39200000e+00  3.47636300e-09
 1.39300000e+00  2.75679327e-09
 1.39400000e+00  2.99947744e-09
 1.39500000e+00  3.51851267e-09
 1.39600000e+00  2.54120655e-09
 1.39700000e+00  3.14956567e-09
 1.39800000e+00  3.29386843e-09
 1.39900000e+00  3.06940966e-09
 1.40000000e+00  3.19272152e-09
 1.40100000e+00  2.94977793e-09
 1.40200000e+00  2.79761691e-09
 1.40300000e+00  2.97028052e-09
 1.40400000e+00  2.79567133e-09
 1.40500000e+00  2.94980820e-09
 1.40600000e+00  3.66531685e-09
 1.40700000e+00  3.52608023e-09
 1.40800000e+00  3.17604771e-09
 1.40900000e+00  2.98688864e-09
 1.41000000e+00  2.57975188e-09
 1.41100000e+00  2.55299830e-09
 1.41200000e+00  2.89288878e-09
 1.41300000e+00  2.63727370e-09
 1.41400000e+00  2.99556971e-09
 1.41500000e+00  2.93927024e-09
 1.41600000e+00  3.31601598e-09
 1.41700000e+00  3.35410508e-09
 1.41800000e+00  3.58450364e-09
 1.41900000e+00  3.50591479e-09
 1.42000000e+00  3.17983905e-09
 1.42100000e+00  3.32217184e-09
 1.42200000e+00  2.80491875e-09
 1.42300000e+00  3.04020317e-09
 1.42400000e+00  3.38874862e-09
 1.42500000e+00  3.55916729e-09
 1.42600000e+00  3.57354222e-09
 1.42700000e+00  3.46400250e-09
 1.42800000e+00  3.36496365e-09
 1.42900000e+00  3.34300058e-09
 1.43000000e+00  2.88978321e-09
 1.43100000e+00  3.00885619e-09
 1.43200000e+00  2.61957571e-09
 1.43300000e+00  3.56992878e-09
 1.43400000e+00  4.00440707e-09
 1.43500000e+00  3.12843184e-09
 1.43600000e+00  2.87002239e-09
 1.43700000e+00  3.15227687e-09
 1.43800000e+00  3.31466406e-09
 1.43900000e+00  3.13618220e-09
 1.44000000e+00  3.35376657e-09
 1.44100000e+00  3.43746910e-09
 1.44200000e+00  3.35758154e-09
 1.44300000e+00  2.96085308e-09
 1.44400000e+00  3.05076463e-09
 1.44500000e+00  3.59071243e-09
 1.44600000e+00  3.23902953e-09
 1.44700000e+00  3.35620477e-09
 1.44800000e+00  3.32504664e-09
 1.44900000e+00  4.05757050e-09
 1.45000000e+00  3.32131768e-09
 1.45100000e+00  3.36754102e-09
 1.45200000e+00  3.07571638e-09
 1.45300000e+00  3.29757284e-09
 1.45400000e+00  3.53901116e-09
 1.45500000e+00  3.28058167e-09
 1.45600000e+00  3.10436205e-09
 1.45700000e+00  2.92925107e-09
 1.45800000e+00  2.90843959e-09
 1.45900000e+00  3.37632936e-09
 1.46000000e+00  2.72522725e-09
 1.46100000e+00  2.89549878e-09
 1.46200000e+00  2.96732300e-09
 1.46300000e+00  3.12734246e-09
 1.46400000e+00  3.62721729e-09
 1.46500000e+00  3.81520134e-09
 1.46600000e+00  3.27968462e-09
 1.46700000e+00  3.34361917e-09
 1.46800000e+00  2.25831519e-09
 1.46900000e+00  2.56409235e-09
 1.47000000e+00  3.01908101e-09
 1.47100000e+00  3.41458586e-09
 1.47200000e+00  3.52517013e-09
 1.47300000e+00  3.76718267e-09
 1.47400000e+00  3.68425559e-09
 1.47500000e+00  3.52707857e-09
 1.47600000e+00  2.81387803e-09
 1.47700000e+00  2.37576900e-09
 1.47800000e+00  2.74006443e-09
 1.47900000e+00  2.66410934e-09
 1.48000000e+00  2.67845509e-09
 1.48100000e+00  3.17148112e-09
 1.48200000e+00  3.23935390e-09
 1.48300000e+00  3.11298767e-09
 1.48400000e+00  3.10106653e-09
 1.48500000e+00  2.88699411e-09
 1.48600000e+00  2.97544561e-09
 1.48700000e+00  4.07265421e-09
 1.48800000e+00  3.70196948e-09
 1.48900000e+00  3.33382149e-09
 1.49000000e+00  3.14454545e-09
 1.49100000e+00  3.25803970e-09
 1.49200000e+00  2.67190210e-09
 1.49300000e+00  2.95047836e-09
 1.49400000e+00  2.69146630e-09
 1.49500000e+00  3.13189166e-09
 1.49600000e+00  2.84008142e-09
 1.49700000e+00  2.55260079e-09
 1.49800000e+00  2.61352250e-09
 1.49900000e+00  3.49318009e-09
 1.50000000e+00  3.16704894e-09
 1.50100000e+00  2.82270855e-09
 1.50200000e+00  3.05091836e-09
 1.50300000e+00  2.63718891e-09
 1.50400000e+00  3.30820291e-09
 1.50500000e+00  3.35230017e-09
 1.50600000e+00  3.01136266e-09
 1.50700000e+00  3.20500272e-09
 1.50800000e+00  4.08906251e-09
 1.50900000e+00  4.01894204e-09
 1.51000000e+00  3.14642392e-09
 1.51100000e+00  3.75931087e-09
 1.51200000e+00  3.83290553e-09
 1.51300000e+00  3.28444194e-09
 1.51400000e+00  2.36663863e-09
 1.51500000e+00  3.30213174e-09
 1.51600000e+00  3.39478182e-09
 1.51700000e+00  3.18603216e-09
 1.51800000e+00  3.54447717e-09
 1.51900000e+00  3.45848820e-09
 1.52000000e+00  3.59729828e-09
 1.52100000e+00  2.69613205e-09
 1.52200000e+00  2.84360102e-09
 1.52300000e+00  3.10224233e-09
 1.52400000e+00  2.92002123e-09
 1.52500000e+00  2.56833115e-09
 1.52600000e+00  2.89484633e-09
 1.52700000e+00  3.11515541e-09
 1.52800000e+00  3.18740685e-09
 1.52900000e+00  3.10880402e-09
 1.53000000e+00  3.46484555e-09
 1.53100000e+00  3.23991763e-09
 1.53200000e+00  2.72550581e-09
 1.53300000e+00  2.82875074e-09
 1.53400000e+00  2.40847517e-09
 1.53500000e+00  2.89041554e-09
 1.53600000e+00  3.14981354e-09
 1.53700000e+00  3.16802041e-09
 1.53800000e+00  3.12448198e-09
 1.53900000e+00  3.31074495e-09
 1.54000000e+00  3.34713289e-09
 1.54100000e+00  3.43407097e-09
 1.54200000e+00  3.50591596e-09
 1.54300000e+00  2.78248027e-09
 1.54400000e+00  3.27354559e-09
 1.54500000e+00  3.87512166e-09
 1.54600000e+00  3.33772369e-09
 1.54700000e+00  3.57847651e-09
 1.54800000e+00  2.81333610e-09
 1.54900000e+00  3.08132773e-09
 1.55000000e+00  3.70335817e-09
 1.55100000e+00  3.44683154e-09
 1.55200000e+00  3.09618976e-09
 1.55300000e+00  3.26522499e-09
 1.55400000e+00  3.44927843e-09
 1.55500000e+00  3.34152613e-09
 1.55600000e+00  2.96163304e-09
 1.55700000e+00  3.23853739e-09
 1.55800000e+00  3.02516310e-09
 1.55900000e+00  4.02296095e-09
 1.56000000e+00  3.42176772e-09
 1.56100000e+00  3.48934438e-09
 1.56200000e+00  3.32309482e-09
 1.56300000e+00  3.28471638e-09
 1.56400000e+00  3.57157378e-09
 1.56500000e+00  3.39566051e-09
 1.56600000e+00  3.61423287e-09
 1.56700000e+00  3.21390617e-09
 1.56800000e+00  2.84481365e-09
 1.56900000e+00  3.08277221e-09
 1.57000000e+00  3.06212579e-09
 1.57100000e+00  2.71570408e-09
 1.57200000e+00  2.76887297e-09
 1.57300000e+00  3.09225881e-09
 1.57400000e+00  2.73452190e-09
 1.57500000e+00  2.81284007e-09
 1.57600000e+00  3.14734242e-09
 1.57700000e+00  3.42505509e-09
 1.57800000e+00  3.86728336e-09
 1.57900000e+00  3.49193175e-09
 1.58000000e+00  3.03225065e-09
 1.58100000e+00  3.26407219e-09
 1.58200000e+00  3.34043080e-09
 1.58300000e+00  3.46545118e-09
 1.58400000e+00  3.15271142e-09
 1.58500000e+00  3.72409627e-09
 1.58600000e+00  3.32137816e-09
 1.58700000e+00  2.93115914e-09
 1.58800000e+00  3.17414318e-09
 1.58900000e+00  2.31787174e-09
 1.59000000e+00  2.76252831e-09
 1.59100000e+00  3.56222852e-09
 1.59200000e+00  3.24552310e-09
 1.59300000e+00  3.12956070e-09
 1.59400000e+00  2.93476909e-09
 1.59500000e+00  3.26613085e-09
 1.59600000e+00  2.81908930e-09
 1.59700000e+00  3.21815853e-09
 1.59800000e+00  3.05898285e-09
 1.59900000e+00  2.49953822e-09
 1.60000000e+00  2.64070547e-09
 1.60100000e+00  2.64471711e-09
 1.60200000e+00  3.08178583e-09
 1.60300000e+00  3.41336612e-09
 1.60400000e+00  2.72215858e-09
 1.60500000e+00  3.29159731e-09
 1.60600000e+00  2.79100589e-09
 1.60700000e+00  3.95638236e-09
 1.60800000e+00  3.41919748e-09
 1.60900000e+00  3.92594777e-09
 1.61000000e+00  3.45418618e-09
 1.61100000e+00  3.10949181e-09
 1.61200000e+00  3.29488811e-09
 1.61300000e+00  3.53689641e-09
 1.61400000e+00  4.03096982e-09
 1.61500000e+00  3.85601074e-09
 1.61600000e+00  3.13716948e-09
 1.61700000e+00  3.11538811e-09
 1.61800000e+00  3.23571661e-09
 1.61900000e+00  3.39400354e-09
 1.62000000e+00  3.61579116e-09
 1.62100000e+00  3.07274791e-09
 1.62200000e+00  2.72725222e-09
 1.62300000e+00  3.01422918e-09
 1.62400000e+00  3.65946614e-09
 1.62500000e+00  3.61105402e-09
 1.62600000e+00  3.53958734e-09
 1.62700000e+00  2.86657805e-09
 1.62800000e+00  2.80342257e-09
 1.62900000e+00  3.11865313e-09
 1.63000000e+00  3.48091287e-09
 1.63100000e+00  2.92912306e-09
 1.63200000e+00  3.11156300e-09
 1.63300000e+00  3.15332015e-09
 1.63400000e+00  2.86191855e-09
 1.63500000e+00  2.88207770e-09
 1.63600000e+00  2.64037893e-09
 1.63700000e+00  2.94821733e-09
 1.63800000e+00  3.37013965e-09
 1.63900000e+00  3.24773404e-09
 1.64000000e+00  2.93903140e-09
 1.64100000e+00  2.84415431e-09
 1.64200000e+00  3.61939259e-09
 1.64300000e+00  3.41918389e-09
 1.64400000e+00  3.33251032e-09
 1.64500000e+00  2.86663351e-09
 1.64600000e+00  3.46927816e-09
 1.64700000e+00  3.11655930e-09
 1.64800000e+00  2.95750488e-09
 1.64900000e+00  2.80913207e-09
 1.65000000e+00  2.78712388e-09
 1.65100000e+00  2.82592491e-09
 1.65200000e+00  3.29185956e-09
 1.65300000e+00  3.19595359e-09
 1.65400000e+00  3.32885242e-09
 1.65500000e+00  3.21320036e-09
 1.65600000e+00  2.80480572e-09
 1.65700000e+00  2.38259155e-09
 1.65800000e+00  2.82060122e-09
 1.65900000e+00  3.03623930e-09
 1.66000000e+00  3.42091184e-09
 1.66100000e+00  3.12666872e-09
 1.66200000e+00  2.23103630e-09
 1.66300000e+00  2.49700801e-09
 1.66400000e+00  2.65375215e-09
 1.66500000e+00  2.99745040e-09
 1.66600000e+00  2.56590065e-09
 1.66700000e+00  2.64584156e-09
 1.66800000e+00  2.40118256e-09
 1.66900000e+00  2.33301941e-09
 1.67000000e+00  2.57373520e-09
 1.67100000e+00  2.84329936e-09
 1.67200000e+00  2.36130952e-09
 1.67300000e+00  2.76240391e-09
 1.67400000e+00  2.47932955e-09
 1.67500000e+00  2.39744348e-09
 1.67600000e+00  2.63159336e-09
 1.67700000e+00  2.35654987e-09
 1.67800000e+00  2.57712765e-09
 1.67900000e+00  2.38129679e-09
 1.68000000e+00  2.53364746e-09
 1.68100000e+00  2.73386921e-09
 1.68200000e+00  2.43407138e-09
 1.68300000e+00  2.57163631e-09
 1.68400000e+00  2.23812938e-09
 1.68500000e+00  2.30702169e-09
 1.68600000e+00  1.97149034e-09
 1.68700000e+00  1.97222845e-09
 1.68800000e+00  2.04885527e-09
 1.68900000e+00  2.11683892e-09
 1.69000000e+00  2.50307148e-09
 1.69100000e+00  2.33989828e-09
 1.69200000e+00  2.32813721e-09
 1.69300000e+00  1.87454391e-09
 1.69400000e+00  2.37625404e-09
 1.69500000e+00  2.05477915e-09
 1.69600000e+00  1.85591042e-09
 1.69700000e+00  2.25904793e-09
 1.69800000e+00  1.91347449e-09
 1.69900000e+00  1.73773007e-09
 1.70000000e+00  1.90404413e-09
 1.70100000e+00  2.17648450e-09
 1.70200000e+00  2.20424335e-09
 1.70300000e+00  2.42265812e-09
 1.70400000e+00  2.06950529e-09
 1.70500000e+00  1.77209289e-09
 1.70600000e+00  1.62569981e-09
 1.70700000e+00  1.71728427e-09
 1.70800000e+00  1.78828553e-09
 1.70900000e+00  1.65530260e-09
 1.71000000e+00  1.66536035e-09
 1.71100000e+00  1.79966859e-09
 1.71200000e+00  1.67604780e-09
 1.71300000e+00  1.52382513e-09
 1.71400000e+00  1.69370035e-09
 1.71500000e+00  1.43899737e-09
 1.71600000e+00  1.41372686e-09
 1.71700000e+00  1.62462179e-09
 1.71800000e+00  1.47459570e-09
 1.71900000e+00  1.60606732e-09
 1.72000000e+00  1.51598824e-09
 1.72100000e+00  1.66017505e-09
 1.72200000e+00  1.57770718e-09
 1.72300000e+00  1.52894092e-09
 1.72400000e+00  1.30845826e-09
 1.72500000e+00  1.36231258e-09
 1.72600000e+00  1.62083736e-09
 1.72700000e+00  1.32153549e-09
 1.72800000e+00  1.39577602e-09
 1.72900000e+00  1.42229519e-09
 1.73000000e+00  1.15482611e-09
 1.73100000e+00  1.23343485e-09
 1.73200000e+00  1.30323443e-09
 1.73300000e+00  1.02762123e-09
 1.73400000e+00  1.21273246e-09
 1.73500000e+00  1.38129734e-09
 1.73600000e+00  1.20073808e-09
 1.73700000e+00  1.17935374e-09
 1.73800000e+00  1.04740086e-09
 1.73900000e+00  8.88228773e-10
 1.74000000e+00  8.63065940e-10
 1.74100000e+00  9.59488752e-10
 1.74200000e+00  7.63088417e-10
 1.74300000e+00  1.01371294e-09
 1.74400000e+00  9.04198220e-10
 1.74500000e+00  8.01324660e-10
 1.74600000e+00  9.73649380e-10
 1.74700000e+00  8.24619057e-10
 1.74800000e+00  9.35878135e-10
 1.74900000e+00  8.68871567e-10
 1.75000000e+00  9.78266247e-10
 1.75100000e+00  9.46277695e-10
 1.75200000e+00  8.02354403e-10
 1.75300000e+00  8.26727613e-10
 1.75400000e+00  7.55487011e-10
 1.75500000e+00  7.32114931e-10
 1.75600000e+00  7.08239257e-10
 1.75700000e+00  7.03528823e-10
 1.75800000e+00  7.44860180e-10
 1.75900000e+00  7.12087885e-10
 1.76000000e+00  7.19972171e-10
 1.76100000e+00  6.85213767e-10
 1.76200000e+00  7.43047118e-10
 1.76300000e+00  7.72674805e-10
 1.76400000e+00  6.26321585e-10
 1.76500000e+00  7.45870825e-10
 1.76600000e+00  6.14390282e-10
 1.76700000e+00  6.23101486e-10
 1.76800000e+00  5.76493518e-10
 1.76900000e+00  7.35279537e-10
 1.77000000e+00  6.08470452e-10
 1.77100000e+00  4.96912520e-10
 1.77200000e+00  4.91460935e-10
 1.77300000e+00  5.42726491e-10
 1.77400000e+00  5.40963926e-10
 1.77500000e+00  5.49819201e-10
 1.77600000e+00  5.62768070e-10
 1.77700000e+00  5.11297990e-10
 1.77800000e+00  4.53145493e-10
 1.77900000e+00  5.51899485e-10
 1.78000000e+00  5.44006419e-10
 1.78100000e+00  5.19968289e-10
 1.78200000e+00  4.57410046e-10
 1.78300000e+00  4.80880521e-10
 1.78400000e+00  4.86167548e-10
 1.78500000e+00  3.97406236e-10
 1.78600000e+00  5.36039124e-10
 1.78700000e+00  3.95329189e-10
 1.78800000e+00  4.12521468e-10
 1.78900000e+00  4.60363113e-10
 1.79000000e+00  4.18666065e-10
 1.79100000e+00  3.86641112e-10
 1.79200000e+00  3.57780185e-10
 1.79300000e+00  3.93511541e-10
 1.79400000e+00  3.52024862e-10
 1.79500000e+00  2.82798887e-10
 1.79600000e+00  3.26615362e-10
 1.79700000e+00  3.98739754e-10
 1.79800000e+00  3.87354045e-10
 1.79900000e+00  4.12914476e-10
 1.80000000e+00  3.63237322e-10
 1.80100000e+00  3.71578876e-10
 1.80200000e+00  3.83350663e-10
 1.80300000e+00  3.15763231e-10
 1.80400000e+00  3.07431121e-10
 1.80500000e+00  3.16916664e-10
 1.80600000e+00  3.02565294e-10
 1.80700000e+00  3.56000735e-10
 1.80800000e+00  3.00859837e-10
 1.80900000e+00  3.37848982e-10
 1.81000000e+00  3.39988471e-10
 1.81100000e+00  3.74653443e-10
 1.81200000e+00  2.90370621e-10
 1.81300000e+00  3.10827952e-10
 1.81400000e+00  3.08037472e-10
 1.81500000e+00  3.12536754e-10
 1.81600000e+00  3.20126966e-10
 1.81700000e+00  2.56460846e-10
 1.81800000e+00  2.70577067e-10
 1.81900000e+00  2.69256664e-10
 1.82000000e+00  2.83844825e-10
 1.82100000e+00  2.88479155e-10
 1.82200000e+00  2.17897435e-10
 1.82300000e+00  3.05148958e-10
 1.82400000e+00  2.68512406e-10
 1.82500000e+00  3.03447492e-10
 1.82600000e+00  3.04615346e-10
 1.82700000e+00  2.29172616e-10
 1.82800000e+00  2.13408159e-10
 1.82900000e+00  2.16645490e-10
 1.83000000e+00  2.15406567e-10
 1.83100000e+00  2.21942057e-10
 1.83200000e+00  2.87242423e-10
 1.83300000e+00  2.78387995e-10
 1.83400000e+00  2.68695419e-10
 1.83500000e+00  2.45906672e-10
 1.83600000e+00  1.98986358e-10
 1.83700000e+00  1.74531789e-10
 1.83800000e+00  2.10928595e-10
 1.83900000e+00  2.32933604e-10
 1.84000000e+00  2.53281600e-10
 1.84100000e+00  2.71265642e-10
 1.84200000e+00  2.67152662e-10
 1.84300000e+00  2.39607805e-10
 1.84400000e+00  2.03416473e-10
 1.84500000e+00  1.83014836e-10
 1.84600000e+00  1.67942607e-10
 1.84700000e+00  2.08659011e-10
 1.84800000e+00  1.77106458e-10
 1.84900000e+00  1.99374157e-10
 1.85000000e+00  1.67945082e-10
 1.85100000e+00  1.85846945e-10
 1.85200000e+00  2.07211841e-10
 1.85300000e+00  1.75735831e-10
 1.85400000e+00  1.74502641e-10
 1.85500000e+00  2.23060124e-10
 1.85600000e+00  1.83674563e-10
 1.85700000e+00  2.00559969e-10
 1.85800000e+00  1.86769241e-10
 1.85900000e+00  1.88557223e-10
 1.86000000e+00  1.64955347e-10
 1.86100000e+00  1.78898434e-10
 1.86200000e+00  1.95492086e-10
 1.86300000e+00  2.01067116e-10
 1.86400000e+00  1.69420479e-10
 1.86500000e+00  1.92874440e-10
 1.86600000e+00  1.84155010e-10
 1.86700000e+00  1.86631210e-10
 1.86800000e+00  2.17994652e-10
 1.86900000e+00  1.97413420e-10
 1.87000000e+00  1.42359235e-10
 1.87100000e+00  1.58573537e-10
 1.87200000e+00  1.74791009e-10
 1.87300000e+00  1.74137910e-10
 1.87400000e+00  1.52830357e-10
 1.87500000e+00  1.81887506e-10
 1.87600000e+00  1.51327824e-10
 1.87700000e+00  1.64326306e-10
 1.87800000e+00  1.53700328e-10
 1.87900000e+00  1.77472515e-10
 1.88000000e+00  2.31678400e-10
 1.88100000e+00  2.51424877e-10
 1.88200000e+00  1.62152408e-10
 1.88300000e+00  1.56817905e-10
 1.88400000e+00  2.11927637e-10
 1.88500000e+00  2.09259809e-10
 1.88600000e+00  1.87464363e-10
 1.88700000e+00  2.24584845e-10
 1.88800000e+00  2.09039185e-10
 1.88900000e+00  2.22934831e-10
 1.89000000e+00  1.99151847e-10
 1.89100000e+00  1.88607131e-10
 1.89200000e+00  1.75712232e-10
 1.89300000e+00  2.09699249e-10
 1.89400000e+00  2.09272771e-10
 1.89500000e+00  1.55220610e-10
 1.89600000e+00  1.49447426e-10
 1.89700000e+00  1.76936918e-10
 1.89800000e+00  1.97577586e-10
 1.89900000e+00  2.01250057e-10
 1.90000000e+00  2.33139409e-10
 1.90100000e+00  2.17121365e-10
 1.90200000e+00  2.13481101e-10
 1.90300000e+00  1.78079962e-10
 1.90400000e+00  1.67752510e-10
 1.90500000e+00  2.02304572e-10
 1.90600000e+00  1.88249855e-10
 1.90700000e+00  2.01722774e-10
 1.90800000e+00  1.94502383e-10
 1.90900000e+00  1.87888324e-10
 1.91000000e+00  2.35746243e-10
 1.91100000e+00  2.13718741e-10
 1.91200000e+00  2.13761416e-10
 1.91300000e+00  2.34753995e-10
 1.91400000e+00  2.51810290e-10
 1.91500000e+00  2.74138610e-10
 1.91600000e+00  2.24865065e-10
 1.91700000e+00  2.06207593e-10
 1.91800000e+00  2.49796728e-10
 1.91900000e+00  2.87368076e-10
 1.92000000e+00  2.62615122e-10
 1.92100000e+00  2.14008702e-10
 1.92200000e+00  2.78640517e-10
 1.92300000e+00  3.30277605e-10
 1.92400000e+00  3.30651893e-10
 1.92500000e+00  3.40789461e-10
 1.92600000e+00  2.95681193e-10
 1.92700000e+00  3.43020948e-10
 1.92800000e+00  2.90712899e-10
 1.92900000e+00  2.64901064e-10
 1.93000000e+00  2.74311307e-10
 1.93100000e+00  3.01749864e-10
 1.93200000e+00  2.90054354e-10
 1.93300000e+00  3.55245610e-10
 1.93400000e+00  3.16977727e-10
 1.93500000e+00  3.38695742e-10
 1.93600000e+00  4.20016045e-10
 1.93700000e+00  3.45024336e-10
 1.93800000e+00  3.97175863e-10
 1.93900000e+00  3.41318307e-10
 1.94000000e+00  3.32600313e-10
 1.94100000e+00  3.55457917e-10
 1.94200000e+00  4.02017598e-10
 1.94300000e+00  3.50972674e-10
 1.94400000e+00  3.60146686e-10
 1.94500000e+00  4.14398343e-10
 1.94600000e+00  3.88849293e-10
 1.94700000e+00  3.97402571e-10
 1.94800000e+00  4.13136006e-10
 1.94900000e+00  3.71695975e-10
 1.95000000e+00  2.98902670e-10
 1.95100000e+00  3.47518881e-10
 1.95200000e+00  3.99771425e-10
 1.95300000e+00  4.27043902e-10
 1.95400000e+00  4.19896690e-10
 1.95500000e+00  3.46810968e-10
 1.95600000e+00  3.79465561e-10
 1.95700000e+00  4.41708449e-10
 1.95800000e+00  3.95445367e-10
 1.95900000e+00  4.36981583e-10
 1.96000000e+00  4.39537693e-10
 1.96100000e+00  4.93023633e-10
 1.96200000e+00  5.73419968e-10
 1.96300000e+00  5.05612417e-10
 1.96400000e+00  3.90560563e-10
 1.96500000e+00  3.96030333e-10
 1.96600000e+00  5.09099944e-10
 1.96700000e+00  4.63670405e-10
 1.96800000e+00  4.07385646e-10
 1.96900000e+00  4.10460154e-10
 1.97000000e+00  3.93329190e-10
 1.97100000e+00  4.54130867e-10
 1.97200000e+00  4.59947764e-10
 1.97300000e+00  5.92016127e-10
 1.97400000e+00  5.46912593e-10
 1.97500000e+00  5.53606549e-10
 1.97600000e+00  6.26370867e-10
 1.97700000e+00  5.41945399e-10
 1.97800000e+00  5.11078278e-10
 1.97900000e+00  5.12133225e-10
 1.98000000e+00  4.12737521e-10
 1.98100000e+00  5.90100982e-10
 1.98200000e+00  5.85670977e-10
 1.98300000e+00  4.50305280e-10
 1.98400000e+00  5.32622280e-10
 1.98500000e+00  5.48495590e-10
 1.98600000e+00  5.46339869e-10
 1.98700000e+00  5.10952187e-10
 1.98800000e+00  5.26718932e-10
 1.98900000e+00  6.16089694e-10
 1.99000000e+00  7.50137689e-10
 1.99100000e+00  6.00597602e-10
 1.99200000e+00  5.53795732e-10
 1.99300000e+00  5.61633332e-10
 1.99400000e+00  5.29610084e-10
 1.99500000e+00  5.26932561e-10
 1.99600000e+00  5.10439654e-10
 1.99700000e+00  5.72166195e-10
 1.99800000e+00  5.02386181e-10
 1.99900000e+00  5.66936064e-10
 2.00000000e+00  3.36970742e-10
